{
 "cells": [
  {
   "cell_type": "code",
   "execution_count": 90,
   "metadata": {
    "ExecuteTime": {
     "end_time": "2021-02-20T04:24:31.937514Z",
     "start_time": "2021-02-20T04:24:31.930428Z"
    }
   },
   "outputs": [],
   "source": [
    "# dependencies\n",
    "from pandas_datareader import data as pdr\n",
    "import yfinance as yf\n",
    "import pandas as pd\n",
    "import numpy as np\n",
    "import plotly.graph_objs as go\n",
    "import plotly.express as px \n",
    "import matplotlib.pyplot as plt\n",
    "import tensorflow as tf\n",
    "from tensorflow.keras.callbacks import EarlyStopping\n",
    "from tensorflow.keras.models import Sequential\n",
    "from tensorflow.keras.layers import Input, Dense, Dropout, Flatten, Conv2D, MaxPooling2D\n",
    "from tensorflow.keras.optimizers import Adam\n",
    "from tensorflow.keras import backend as K\n",
    "from tensorflow.keras.models import load_model\n",
    "from tensorflow.keras.utils import to_categorical\n",
    "from sklearn.preprocessing import LabelEncoder\n",
    "from tqdm import tqdm, trange"
   ]
  },
  {
   "cell_type": "code",
   "execution_count": 91,
   "metadata": {
    "ExecuteTime": {
     "end_time": "2021-02-20T04:24:31.944164Z",
     "start_time": "2021-02-20T04:24:31.940970Z"
    }
   },
   "outputs": [],
   "source": [
    "# period to predict\n",
    "start_date = '2021-02-14'\n",
    "end_date = '2021-02-19'\n",
    "\n",
    "# start_date = '2020-06-14'\n",
    "# end_date = '2021-02-19'"
   ]
  },
  {
   "cell_type": "code",
   "execution_count": 92,
   "metadata": {
    "ExecuteTime": {
     "end_time": "2021-02-20T04:24:32.052295Z",
     "start_time": "2021-02-20T04:24:31.947759Z"
    }
   },
   "outputs": [
    {
     "name": "stdout",
     "output_type": "stream",
     "text": [
      "[*********************100%***********************]  1 of 1 completed\n"
     ]
    },
    {
     "data": {
      "text/html": [
       "<div>\n",
       "<style scoped>\n",
       "    .dataframe tbody tr th:only-of-type {\n",
       "        vertical-align: middle;\n",
       "    }\n",
       "\n",
       "    .dataframe tbody tr th {\n",
       "        vertical-align: top;\n",
       "    }\n",
       "\n",
       "    .dataframe thead th {\n",
       "        text-align: right;\n",
       "    }\n",
       "</style>\n",
       "<table border=\"1\" class=\"dataframe\">\n",
       "  <thead>\n",
       "    <tr style=\"text-align: right;\">\n",
       "      <th></th>\n",
       "      <th>Open</th>\n",
       "      <th>High</th>\n",
       "      <th>Low</th>\n",
       "      <th>Close</th>\n",
       "      <th>Adj Close</th>\n",
       "      <th>Volume</th>\n",
       "    </tr>\n",
       "    <tr>\n",
       "      <th>Datetime</th>\n",
       "      <th></th>\n",
       "      <th></th>\n",
       "      <th></th>\n",
       "      <th></th>\n",
       "      <th></th>\n",
       "      <th></th>\n",
       "    </tr>\n",
       "  </thead>\n",
       "  <tbody>\n",
       "    <tr>\n",
       "      <th>2021-02-15 00:00:00+00:00</th>\n",
       "      <td>1.212415</td>\n",
       "      <td>1.212856</td>\n",
       "      <td>1.211974</td>\n",
       "      <td>1.212562</td>\n",
       "      <td>1.212562</td>\n",
       "      <td>0</td>\n",
       "    </tr>\n",
       "    <tr>\n",
       "      <th>2021-02-15 01:00:00+00:00</th>\n",
       "      <td>1.212562</td>\n",
       "      <td>1.213298</td>\n",
       "      <td>1.212121</td>\n",
       "      <td>1.213151</td>\n",
       "      <td>1.213151</td>\n",
       "      <td>0</td>\n",
       "    </tr>\n",
       "    <tr>\n",
       "      <th>2021-02-15 02:00:00+00:00</th>\n",
       "      <td>1.213003</td>\n",
       "      <td>1.213887</td>\n",
       "      <td>1.213003</td>\n",
       "      <td>1.213740</td>\n",
       "      <td>1.213740</td>\n",
       "      <td>0</td>\n",
       "    </tr>\n",
       "    <tr>\n",
       "      <th>2021-02-15 03:00:00+00:00</th>\n",
       "      <td>1.213445</td>\n",
       "      <td>1.214182</td>\n",
       "      <td>1.213445</td>\n",
       "      <td>1.213887</td>\n",
       "      <td>1.213887</td>\n",
       "      <td>0</td>\n",
       "    </tr>\n",
       "    <tr>\n",
       "      <th>2021-02-15 04:00:00+00:00</th>\n",
       "      <td>1.213740</td>\n",
       "      <td>1.214182</td>\n",
       "      <td>1.213592</td>\n",
       "      <td>1.213592</td>\n",
       "      <td>1.213592</td>\n",
       "      <td>0</td>\n",
       "    </tr>\n",
       "    <tr>\n",
       "      <th>...</th>\n",
       "      <td>...</td>\n",
       "      <td>...</td>\n",
       "      <td>...</td>\n",
       "      <td>...</td>\n",
       "      <td>...</td>\n",
       "      <td>...</td>\n",
       "    </tr>\n",
       "    <tr>\n",
       "      <th>2021-02-18 11:00:00+00:00</th>\n",
       "      <td>1.207001</td>\n",
       "      <td>1.207875</td>\n",
       "      <td>1.206855</td>\n",
       "      <td>1.207584</td>\n",
       "      <td>1.207584</td>\n",
       "      <td>0</td>\n",
       "    </tr>\n",
       "    <tr>\n",
       "      <th>2021-02-18 12:00:00+00:00</th>\n",
       "      <td>1.207584</td>\n",
       "      <td>1.208751</td>\n",
       "      <td>1.206709</td>\n",
       "      <td>1.208313</td>\n",
       "      <td>1.208313</td>\n",
       "      <td>0</td>\n",
       "    </tr>\n",
       "    <tr>\n",
       "      <th>2021-02-18 13:00:00+00:00</th>\n",
       "      <td>1.208167</td>\n",
       "      <td>1.209336</td>\n",
       "      <td>1.208021</td>\n",
       "      <td>1.208897</td>\n",
       "      <td>1.208897</td>\n",
       "      <td>0</td>\n",
       "    </tr>\n",
       "    <tr>\n",
       "      <th>2021-02-18 14:00:00+00:00</th>\n",
       "      <td>1.208897</td>\n",
       "      <td>1.208897</td>\n",
       "      <td>1.207146</td>\n",
       "      <td>1.207438</td>\n",
       "      <td>1.207438</td>\n",
       "      <td>0</td>\n",
       "    </tr>\n",
       "    <tr>\n",
       "      <th>2021-02-18 15:00:00+00:00</th>\n",
       "      <td>1.207584</td>\n",
       "      <td>1.208897</td>\n",
       "      <td>1.206709</td>\n",
       "      <td>1.207438</td>\n",
       "      <td>1.207438</td>\n",
       "      <td>0</td>\n",
       "    </tr>\n",
       "  </tbody>\n",
       "</table>\n",
       "<p>88 rows × 6 columns</p>\n",
       "</div>"
      ],
      "text/plain": [
       "                               Open      High       Low     Close  Adj Close  \\\n",
       "Datetime                                                                       \n",
       "2021-02-15 00:00:00+00:00  1.212415  1.212856  1.211974  1.212562   1.212562   \n",
       "2021-02-15 01:00:00+00:00  1.212562  1.213298  1.212121  1.213151   1.213151   \n",
       "2021-02-15 02:00:00+00:00  1.213003  1.213887  1.213003  1.213740   1.213740   \n",
       "2021-02-15 03:00:00+00:00  1.213445  1.214182  1.213445  1.213887   1.213887   \n",
       "2021-02-15 04:00:00+00:00  1.213740  1.214182  1.213592  1.213592   1.213592   \n",
       "...                             ...       ...       ...       ...        ...   \n",
       "2021-02-18 11:00:00+00:00  1.207001  1.207875  1.206855  1.207584   1.207584   \n",
       "2021-02-18 12:00:00+00:00  1.207584  1.208751  1.206709  1.208313   1.208313   \n",
       "2021-02-18 13:00:00+00:00  1.208167  1.209336  1.208021  1.208897   1.208897   \n",
       "2021-02-18 14:00:00+00:00  1.208897  1.208897  1.207146  1.207438   1.207438   \n",
       "2021-02-18 15:00:00+00:00  1.207584  1.208897  1.206709  1.207438   1.207438   \n",
       "\n",
       "                           Volume  \n",
       "Datetime                           \n",
       "2021-02-15 00:00:00+00:00       0  \n",
       "2021-02-15 01:00:00+00:00       0  \n",
       "2021-02-15 02:00:00+00:00       0  \n",
       "2021-02-15 03:00:00+00:00       0  \n",
       "2021-02-15 04:00:00+00:00       0  \n",
       "...                           ...  \n",
       "2021-02-18 11:00:00+00:00       0  \n",
       "2021-02-18 12:00:00+00:00       0  \n",
       "2021-02-18 13:00:00+00:00       0  \n",
       "2021-02-18 14:00:00+00:00       0  \n",
       "2021-02-18 15:00:00+00:00       0  \n",
       "\n",
       "[88 rows x 6 columns]"
      ]
     },
     "execution_count": 92,
     "metadata": {},
     "output_type": "execute_result"
    }
   ],
   "source": [
    "# data direct to dataframe\n",
    "yf.pdr_override()\n",
    "df = pdr.get_data_yahoo('EURUSD=X', start=start_date, end=end_date, interval='60m')\n",
    "# df = pdr.get_data_yahoo('GOOG', start=start_date, end=end_date, interval='1d')\n",
    "df"
   ]
  },
  {
   "cell_type": "code",
   "execution_count": 93,
   "metadata": {
    "ExecuteTime": {
     "end_time": "2021-02-20T04:24:32.184451Z",
     "start_time": "2021-02-20T04:24:32.054628Z"
    }
   },
   "outputs": [
    {
     "name": "stderr",
     "output_type": "stream",
     "text": [
      "100%|██████████| 88/88 [00:00<00:00, 835.59it/s]\n"
     ]
    },
    {
     "data": {
      "text/html": [
       "<div>\n",
       "<style scoped>\n",
       "    .dataframe tbody tr th:only-of-type {\n",
       "        vertical-align: middle;\n",
       "    }\n",
       "\n",
       "    .dataframe tbody tr th {\n",
       "        vertical-align: top;\n",
       "    }\n",
       "\n",
       "    .dataframe thead th {\n",
       "        text-align: right;\n",
       "    }\n",
       "</style>\n",
       "<table border=\"1\" class=\"dataframe\">\n",
       "  <thead>\n",
       "    <tr style=\"text-align: right;\">\n",
       "      <th></th>\n",
       "      <th>date</th>\n",
       "      <th>open</th>\n",
       "      <th>high</th>\n",
       "      <th>low</th>\n",
       "      <th>close</th>\n",
       "      <th>upper_shadow</th>\n",
       "      <th>lower_shadow</th>\n",
       "      <th>real_body</th>\n",
       "    </tr>\n",
       "    <tr>\n",
       "      <th>Datetime</th>\n",
       "      <th></th>\n",
       "      <th></th>\n",
       "      <th></th>\n",
       "      <th></th>\n",
       "      <th></th>\n",
       "      <th></th>\n",
       "      <th></th>\n",
       "      <th></th>\n",
       "    </tr>\n",
       "  </thead>\n",
       "  <tbody>\n",
       "    <tr>\n",
       "      <th>2021-02-15 00:00:00+00:00</th>\n",
       "      <td>2021-02-15 00:00:00+00:00</td>\n",
       "      <td>1.212415</td>\n",
       "      <td>1.212856</td>\n",
       "      <td>1.211974</td>\n",
       "      <td>1.212562</td>\n",
       "      <td>0.000294</td>\n",
       "      <td>0.000441</td>\n",
       "      <td>0.000147</td>\n",
       "    </tr>\n",
       "    <tr>\n",
       "      <th>2021-02-15 01:00:00+00:00</th>\n",
       "      <td>2021-02-15 01:00:00+00:00</td>\n",
       "      <td>1.212562</td>\n",
       "      <td>1.213298</td>\n",
       "      <td>1.212121</td>\n",
       "      <td>1.213151</td>\n",
       "      <td>0.000147</td>\n",
       "      <td>0.000441</td>\n",
       "      <td>0.000588</td>\n",
       "    </tr>\n",
       "    <tr>\n",
       "      <th>2021-02-15 02:00:00+00:00</th>\n",
       "      <td>2021-02-15 02:00:00+00:00</td>\n",
       "      <td>1.213003</td>\n",
       "      <td>1.213887</td>\n",
       "      <td>1.213003</td>\n",
       "      <td>1.213740</td>\n",
       "      <td>0.000147</td>\n",
       "      <td>0.000000</td>\n",
       "      <td>0.000736</td>\n",
       "    </tr>\n",
       "    <tr>\n",
       "      <th>2021-02-15 03:00:00+00:00</th>\n",
       "      <td>2021-02-15 03:00:00+00:00</td>\n",
       "      <td>1.213445</td>\n",
       "      <td>1.214182</td>\n",
       "      <td>1.213445</td>\n",
       "      <td>1.213887</td>\n",
       "      <td>0.000295</td>\n",
       "      <td>0.000000</td>\n",
       "      <td>0.000442</td>\n",
       "    </tr>\n",
       "    <tr>\n",
       "      <th>2021-02-15 04:00:00+00:00</th>\n",
       "      <td>2021-02-15 04:00:00+00:00</td>\n",
       "      <td>1.213740</td>\n",
       "      <td>1.214182</td>\n",
       "      <td>1.213592</td>\n",
       "      <td>1.213592</td>\n",
       "      <td>-0.000442</td>\n",
       "      <td>0.000000</td>\n",
       "      <td>-0.000147</td>\n",
       "    </tr>\n",
       "    <tr>\n",
       "      <th>...</th>\n",
       "      <td>...</td>\n",
       "      <td>...</td>\n",
       "      <td>...</td>\n",
       "      <td>...</td>\n",
       "      <td>...</td>\n",
       "      <td>...</td>\n",
       "      <td>...</td>\n",
       "      <td>...</td>\n",
       "    </tr>\n",
       "    <tr>\n",
       "      <th>2021-02-18 11:00:00+00:00</th>\n",
       "      <td>2021-02-18 11:00:00+00:00</td>\n",
       "      <td>1.207001</td>\n",
       "      <td>1.207875</td>\n",
       "      <td>1.206855</td>\n",
       "      <td>1.207584</td>\n",
       "      <td>0.000292</td>\n",
       "      <td>0.000146</td>\n",
       "      <td>0.000583</td>\n",
       "    </tr>\n",
       "    <tr>\n",
       "      <th>2021-02-18 12:00:00+00:00</th>\n",
       "      <td>2021-02-18 12:00:00+00:00</td>\n",
       "      <td>1.207584</td>\n",
       "      <td>1.208751</td>\n",
       "      <td>1.206709</td>\n",
       "      <td>1.208313</td>\n",
       "      <td>0.000438</td>\n",
       "      <td>0.000874</td>\n",
       "      <td>0.000730</td>\n",
       "    </tr>\n",
       "    <tr>\n",
       "      <th>2021-02-18 13:00:00+00:00</th>\n",
       "      <td>2021-02-18 13:00:00+00:00</td>\n",
       "      <td>1.208167</td>\n",
       "      <td>1.209336</td>\n",
       "      <td>1.208021</td>\n",
       "      <td>1.208897</td>\n",
       "      <td>0.000439</td>\n",
       "      <td>0.000146</td>\n",
       "      <td>0.000730</td>\n",
       "    </tr>\n",
       "    <tr>\n",
       "      <th>2021-02-18 14:00:00+00:00</th>\n",
       "      <td>2021-02-18 14:00:00+00:00</td>\n",
       "      <td>1.208897</td>\n",
       "      <td>1.208897</td>\n",
       "      <td>1.207146</td>\n",
       "      <td>1.207438</td>\n",
       "      <td>0.000000</td>\n",
       "      <td>-0.000292</td>\n",
       "      <td>-0.001460</td>\n",
       "    </tr>\n",
       "    <tr>\n",
       "      <th>2021-02-18 15:00:00+00:00</th>\n",
       "      <td>2021-02-18 15:00:00+00:00</td>\n",
       "      <td>1.207584</td>\n",
       "      <td>1.208897</td>\n",
       "      <td>1.206709</td>\n",
       "      <td>1.207438</td>\n",
       "      <td>-0.001314</td>\n",
       "      <td>-0.000729</td>\n",
       "      <td>-0.000146</td>\n",
       "    </tr>\n",
       "  </tbody>\n",
       "</table>\n",
       "<p>88 rows × 8 columns</p>\n",
       "</div>"
      ],
      "text/plain": [
       "                                               date      open      high  \\\n",
       "Datetime                                                                  \n",
       "2021-02-15 00:00:00+00:00 2021-02-15 00:00:00+00:00  1.212415  1.212856   \n",
       "2021-02-15 01:00:00+00:00 2021-02-15 01:00:00+00:00  1.212562  1.213298   \n",
       "2021-02-15 02:00:00+00:00 2021-02-15 02:00:00+00:00  1.213003  1.213887   \n",
       "2021-02-15 03:00:00+00:00 2021-02-15 03:00:00+00:00  1.213445  1.214182   \n",
       "2021-02-15 04:00:00+00:00 2021-02-15 04:00:00+00:00  1.213740  1.214182   \n",
       "...                                             ...       ...       ...   \n",
       "2021-02-18 11:00:00+00:00 2021-02-18 11:00:00+00:00  1.207001  1.207875   \n",
       "2021-02-18 12:00:00+00:00 2021-02-18 12:00:00+00:00  1.207584  1.208751   \n",
       "2021-02-18 13:00:00+00:00 2021-02-18 13:00:00+00:00  1.208167  1.209336   \n",
       "2021-02-18 14:00:00+00:00 2021-02-18 14:00:00+00:00  1.208897  1.208897   \n",
       "2021-02-18 15:00:00+00:00 2021-02-18 15:00:00+00:00  1.207584  1.208897   \n",
       "\n",
       "                                low     close  upper_shadow  lower_shadow  \\\n",
       "Datetime                                                                    \n",
       "2021-02-15 00:00:00+00:00  1.211974  1.212562      0.000294      0.000441   \n",
       "2021-02-15 01:00:00+00:00  1.212121  1.213151      0.000147      0.000441   \n",
       "2021-02-15 02:00:00+00:00  1.213003  1.213740      0.000147      0.000000   \n",
       "2021-02-15 03:00:00+00:00  1.213445  1.213887      0.000295      0.000000   \n",
       "2021-02-15 04:00:00+00:00  1.213592  1.213592     -0.000442      0.000000   \n",
       "...                             ...       ...           ...           ...   \n",
       "2021-02-18 11:00:00+00:00  1.206855  1.207584      0.000292      0.000146   \n",
       "2021-02-18 12:00:00+00:00  1.206709  1.208313      0.000438      0.000874   \n",
       "2021-02-18 13:00:00+00:00  1.208021  1.208897      0.000439      0.000146   \n",
       "2021-02-18 14:00:00+00:00  1.207146  1.207438      0.000000     -0.000292   \n",
       "2021-02-18 15:00:00+00:00  1.206709  1.207438     -0.001314     -0.000729   \n",
       "\n",
       "                           real_body  \n",
       "Datetime                              \n",
       "2021-02-15 00:00:00+00:00   0.000147  \n",
       "2021-02-15 01:00:00+00:00   0.000588  \n",
       "2021-02-15 02:00:00+00:00   0.000736  \n",
       "2021-02-15 03:00:00+00:00   0.000442  \n",
       "2021-02-15 04:00:00+00:00  -0.000147  \n",
       "...                              ...  \n",
       "2021-02-18 11:00:00+00:00   0.000583  \n",
       "2021-02-18 12:00:00+00:00   0.000730  \n",
       "2021-02-18 13:00:00+00:00   0.000730  \n",
       "2021-02-18 14:00:00+00:00  -0.001460  \n",
       "2021-02-18 15:00:00+00:00  -0.000146  \n",
       "\n",
       "[88 rows x 8 columns]"
      ]
     },
     "execution_count": 93,
     "metadata": {},
     "output_type": "execute_result"
    }
   ],
   "source": [
    "# derive candlestick components from ohlc\n",
    "#  upper-shadow, lower-shadow, real-body\n",
    "with tqdm(total=df.shape[0]) as pbar:\n",
    "    \n",
    "    for index, row in df.iterrows():\n",
    "        pbar.update(1)\n",
    "\n",
    "        # real body - positive=rising / negative=falling\n",
    "        df.loc[index,'real_body'] = df.loc[index,'Close'] - df.loc[index,'Open']\n",
    "\n",
    "        # rising candle\n",
    "        if df.loc[index,'Close'] >= df.loc[index,'Open']: \n",
    "            df.loc[index,'upper_shadow'] = df.loc[index,'High'] - df.loc[index,'Close']\n",
    "            df.loc[index,'lower_shadow'] = df.loc[index,'Open'] - df.loc[index,'Low']\n",
    "\n",
    "        # falling candle   \n",
    "        else:\n",
    "            df.loc[index,'upper_shadow'] = df.loc[index,'Open'] - df.loc[index,'High']\n",
    "            df.loc[index,'lower_shadow'] = df.loc[index,'Low'] - df.loc[index,'Close']  \n",
    "        \n",
    "# tidy up\n",
    "df = df.rename(columns={'Open': 'open', 'High': 'high', 'Low': 'low', 'Close': 'close'})\n",
    "df['date'] = df.index\n",
    "df = df[['date', 'open', 'high', 'low', 'close', 'upper_shadow', 'lower_shadow', 'real_body']]\n",
    "df"
   ]
  },
  {
   "cell_type": "code",
   "execution_count": 94,
   "metadata": {
    "ExecuteTime": {
     "end_time": "2021-02-20T04:24:32.246046Z",
     "start_time": "2021-02-20T04:24:32.187166Z"
    }
   },
   "outputs": [
    {
     "name": "stderr",
     "output_type": "stream",
     "text": [
      "Generating...: 100%|##########| 79/79 [00:00<00:00, 3784.78it/s]\n",
      "Generating...: 100%|##########| 79/79 [00:00<00:00, 3634.54it/s]"
     ]
    },
    {
     "name": "stdout",
     "output_type": "stream",
     "text": [
      "| gam_pred: (79, 10, 10, 2) |\n"
     ]
    },
    {
     "name": "stderr",
     "output_type": "stream",
     "text": [
      "\n"
     ]
    }
   ],
   "source": [
    "# gramian angular matrices (gam):\n",
    "#  https://jfin-swufe.springeropen.com/articles/10.1186/s40854-020-00187-0\n",
    "#  https://www.aaai.org/ocs/index.php/WS/AAAIW15/paper/viewFile/10179/10251 \n",
    "#  https://github.com/pecu/Series2GAF/blob/master/cnn_example/series2gaf.py\n",
    "\n",
    "# features\n",
    "feature_list = ['close', 'real_body']\n",
    "\n",
    "# image size => window_size(rows) x window_size(cols)\n",
    "window_size = 10\n",
    "\n",
    "# intialise the gam field\n",
    "gramian_field = []\n",
    "\n",
    "# number of data points\n",
    "n = len(df['close'])\n",
    "\n",
    "# loop through each feature\n",
    "for this_feature in feature_list:\n",
    "\n",
    "    # initialise the gam field for the feature\n",
    "    gam_feature_set = []\n",
    "\n",
    "    # loop through the data\n",
    "    for i_data in trange(window_size, n+1, desc=\"Generating...\", ascii=True):\n",
    "\n",
    "        # select the data points to convert frm timeseries to gam (image)\n",
    "        full_window_data =  list(df[this_feature][i_data-window_size : i_data])\n",
    "\n",
    "        # scale the data\n",
    "        rescaled_ts = np.zeros((window_size, window_size), float)\n",
    "        min_ts = np.min(full_window_data)\n",
    "        max_ts = np.max(full_window_data)\n",
    "        diff = max_ts - min_ts\n",
    "        if diff != 0:\n",
    "            rescaled_ts = (full_window_data - min_ts) / diff\n",
    "\n",
    "        # initialise the image\n",
    "        this_gam = np.zeros((window_size, window_size), float)\n",
    "\n",
    "        # calculate a component of the gam\n",
    "        sin_ts = np.sqrt(np.clip(1 - rescaled_ts**2, 0, 1))\n",
    "\n",
    "        # calculate the gam - summation method\n",
    "        this_gam = np.outer(rescaled_ts, rescaled_ts) - np.outer(sin_ts, sin_ts)\n",
    "\n",
    "        # add the gam to the feature set\n",
    "        gam_feature_set.append(this_gam)\n",
    "\n",
    "        # clear the gam ready for next\n",
    "        del this_gam\n",
    "\n",
    "    # ass the gam field of the feature set to the dataset\n",
    "    gramian_field.append(gam_feature_set)\n",
    "\n",
    "    # clear the gam field of the feature set\n",
    "    del gam_feature_set\n",
    "\n",
    "# finalise the gam field for each dataset\n",
    "gam_pred = np.array(gramian_field)\n",
    "gam_pred = np.moveaxis(gam_pred, 0, 3)\n",
    "    \n",
    "# summarise the results\n",
    "print(f'| gam_pred: {gam_pred.shape} |')"
   ]
  },
  {
   "cell_type": "code",
   "execution_count": 95,
   "metadata": {
    "ExecuteTime": {
     "end_time": "2021-02-20T04:24:33.267798Z",
     "start_time": "2021-02-20T04:24:32.250737Z"
    }
   },
   "outputs": [
    {
     "name": "stdout",
     "output_type": "stream",
     "text": [
      "Model: \"sequential_4\"\n",
      "_________________________________________________________________\n",
      "Layer (type)                 Output Shape              Param #   \n",
      "=================================================================\n",
      "conv2d_8 (Conv2D)            (None, 8, 8, 16)          304       \n",
      "_________________________________________________________________\n",
      "max_pooling2d_8 (MaxPooling2 (None, 4, 4, 16)          0         \n",
      "_________________________________________________________________\n",
      "conv2d_9 (Conv2D)            (None, 2, 2, 32)          4640      \n",
      "_________________________________________________________________\n",
      "max_pooling2d_9 (MaxPooling2 (None, 1, 1, 32)          0         \n",
      "_________________________________________________________________\n",
      "dropout_8 (Dropout)          (None, 1, 1, 32)          0         \n",
      "_________________________________________________________________\n",
      "flatten_4 (Flatten)          (None, 32)                0         \n",
      "_________________________________________________________________\n",
      "dense_12 (Dense)             (None, 64)                2112      \n",
      "_________________________________________________________________\n",
      "dropout_9 (Dropout)          (None, 64)                0         \n",
      "_________________________________________________________________\n",
      "dense_13 (Dense)             (None, 32)                2080      \n",
      "_________________________________________________________________\n",
      "dense_14 (Dense)             (None, 3)                 99        \n",
      "=================================================================\n",
      "Total params: 9,235\n",
      "Trainable params: 9,235\n",
      "Non-trainable params: 0\n",
      "_________________________________________________________________\n"
     ]
    }
   ],
   "source": [
    "# load the model\n",
    "model = load_model('./analysis/eurusd_hour_real_model.h5')\n",
    "model.summary()"
   ]
  },
  {
   "cell_type": "code",
   "execution_count": 96,
   "metadata": {
    "ExecuteTime": {
     "end_time": "2021-02-20T04:24:33.466543Z",
     "start_time": "2021-02-20T04:24:33.269853Z"
    }
   },
   "outputs": [
    {
     "data": {
      "text/plain": [
       "array([['negative', '18'],\n",
       "       ['neutral', '48'],\n",
       "       ['positive', '13']], dtype='<U21')"
      ]
     },
     "execution_count": 96,
     "metadata": {},
     "output_type": "execute_result"
    }
   ],
   "source": [
    "# predicted codes\n",
    "predicted_codes = model.predict_classes(gam_pred)\n",
    "\n",
    "#\n",
    "#  TODO: how to extract labels (not codes) from model summary?\n",
    "#        currently using hard-coded list of labels\n",
    "#\n",
    "\n",
    "# labels - in same order as model was trained\n",
    "labels = ['negative', 'neutral', 'positive']\n",
    "label_encoder = LabelEncoder()\n",
    "label_encoder.fit(labels)\n",
    "\n",
    "# review the count of predicted categories\n",
    "predicted_labels = label_encoder.inverse_transform(predicted_codes)\n",
    "(unique, counts) = np.unique(predicted_labels, return_counts=True)\n",
    "np.asarray((unique, counts)).T"
   ]
  },
  {
   "cell_type": "code",
   "execution_count": 97,
   "metadata": {
    "ExecuteTime": {
     "end_time": "2021-02-20T04:24:33.504754Z",
     "start_time": "2021-02-20T04:24:33.468789Z"
    }
   },
   "outputs": [
    {
     "name": "stderr",
     "output_type": "stream",
     "text": [
      "100%|██████████| 88/88 [00:00<00:00, 3097.04it/s]\n"
     ]
    }
   ],
   "source": [
    "# insert predictions in dataframe\n",
    "\n",
    "# initialise new column\n",
    "df['prediction'] = ''\n",
    "\n",
    "# find column location for use with iloc\n",
    "pred_colno = df.columns.get_loc('prediction')\n",
    "\n",
    "# loop through the dataframe\n",
    "with tqdm(total=df.shape[0]) as pbar:    \n",
    "    for index, (_, row) in enumerate(df.iterrows()):\n",
    "        pbar.update(1)\n",
    "        \n",
    "        # first prediction starts after the first 'window_size' samples\n",
    "        if index >= window_size-1:\n",
    "            df.iloc[index, pred_colno] = predicted_labels[index-window_size+1]"
   ]
  },
  {
   "cell_type": "code",
   "execution_count": 98,
   "metadata": {
    "ExecuteTime": {
     "end_time": "2021-02-20T04:24:33.859108Z",
     "start_time": "2021-02-20T04:24:33.506812Z"
    }
   },
   "outputs": [
    {
     "data": {
      "application/vnd.plotly.v1+json": {
       "config": {
        "plotlyServerURL": "https://plot.ly"
       },
       "data": [
        {
         "coloraxis": "coloraxis",
         "hovertemplate": "x: %{x}<br>y: %{y}<br>color: %{z}<extra></extra>",
         "name": "0",
         "type": "heatmap",
         "xaxis": "x",
         "yaxis": "y",
         "z": [
          [
           -1,
           -0.9515911842728451,
           -0.7885409492005112,
           -0.72194692062905,
           -0.8428948357782551,
           -0.5332731918566429,
           -0.72194692062905,
           -0.8428948357782551,
           0,
           -0.72194692062905
          ],
          [
           -0.9515911842728451,
           -0.8110515639715916,
           -0.5613436203350544,
           -0.47431649565074424,
           -0.6367039939704238,
           -0.24744343047257744,
           -0.47431649565074424,
           -0.6367039939704238,
           0.3073665857151753,
           -0.47431649565074424
          ],
          [
           -0.7885409492005112,
           -0.5613436203350544,
           -0.24359365713208647,
           -0.14374869943600216,
           -0.3337484664647533,
           0.09973223530725045,
           -0.14374869943600216,
           -0.3337484664647533,
           0.6149822529422754,
           -0.14374869943600216
          ],
          [
           -0.72194692062905,
           -0.47431649565074424,
           -0.14374869943600216,
           -0.04241471241153549,
           -0.23620286574913196,
           0.2003540593002489,
           -0.04241471241153549,
           -0.23620286574913196,
           0.6919484401270316,
           -0.04241471241153549
          ],
          [
           -0.8428948357782551,
           -0.6367039939704238,
           -0.3337484664647533,
           -0.23620286574913196,
           -0.4209434083633031,
           0.005690428099665967,
           -0.23620286574913196,
           -0.4209434083633031,
           0.5380783361355004,
           -0.23620286574913196
          ],
          [
           -0.5332731918566429,
           -0.24744343047257744,
           0.09973223530725045,
           0.2003540593002489,
           0.005690428099665967,
           0.4312394056940563,
           0.2003540593002489,
           0.005690428099665967,
           0.8459430848745252,
           0.2003540593002489
          ],
          [
           -0.72194692062905,
           -0.47431649565074424,
           -0.14374869943600216,
           -0.04241471241153549,
           -0.23620286574913196,
           0.2003540593002489,
           -0.04241471241153549,
           -0.23620286574913196,
           0.6919484401270316,
           -0.04241471241153549
          ],
          [
           -0.8428948357782551,
           -0.6367039939704238,
           -0.3337484664647533,
           -0.23620286574913196,
           -0.4209434083633031,
           0.005690428099665967,
           -0.23620286574913196,
           -0.4209434083633031,
           0.5380783361355004,
           -0.23620286574913196
          ],
          [
           0,
           0.3073665857151753,
           0.6149822529422754,
           0.6919484401270316,
           0.5380783361355004,
           0.8459430848745252,
           0.6919484401270316,
           0.5380783361355004,
           1,
           0.6919484401270316
          ],
          [
           -0.72194692062905,
           -0.47431649565074424,
           -0.14374869943600216,
           -0.04241471241153549,
           -0.23620286574913196,
           0.2003540593002489,
           -0.04241471241153549,
           -0.23620286574913196,
           0.6919484401270316,
           -0.04241471241153549
          ]
         ]
        },
        {
         "coloraxis": "coloraxis",
         "hovertemplate": "x: %{x}<br>y: %{y}<br>color: %{z}<extra></extra>",
         "name": "1",
         "type": "heatmap",
         "xaxis": "x2",
         "yaxis": "y2",
         "z": [
          [
           -0.5005052801455919,
           0.015783830073988647,
           0.46451650524180177,
           -0.19851977288633554,
           -0.7136019080601039,
           -0.198220295686237,
           -0.7968861560041477,
           -0.7967630390760735,
           0.49974729606792684,
           -0.8661712533170308
          ],
          [
           0.015783830073988647,
           0.5275816750194431,
           0.8537031167558057,
           0.3335996585257985,
           -0.25191596639383695,
           0.33388768882851805,
           -0.3729222528356649,
           -0.37273317926933264,
           0.8739512786818963,
           -0.4860135414680114
          ],
          [
           0.46451650524180177,
           0.8537031167558057,
           0.996766697507462,
           0.722508264397697,
           0.21104558059157738,
           0.7227194759445837,
           0.08504474217392913,
           0.08524776709077933,
           0.9991913474173658,
           -0.04020760184677736
          ],
          [
           -0.19851977288633554,
           0.3335996585257985,
           0.722508264397697,
           0.12416623156360934,
           -0.453146115427399,
           0.1244694105699628,
           -0.5628157560611662,
           -0.5626473159056107,
           0.7497220256747195,
           -0.6617528875782828
          ],
          [
           -0.7136019080601039,
           -0.25191596639383695,
           0.21104558059157738,
           -0.453146115427399,
           -0.874823044665457,
           -0.45287371653534825,
           -0.9293200827248776,
           -0.9292448181067178,
           0.25017689275245125,
           -0.9682001458028854
          ],
          [
           -0.198220295686237,
           0.33388768882851805,
           0.7227194759445837,
           0.1244694105699628,
           -0.45287371653534825,
           0.12477257795580393,
           -0.5625631681083029,
           -0.5623946929248179,
           0.749924188820378,
           -0.6615237796346387
          ],
          [
           -0.7968861560041477,
           -0.3729222528356649,
           0.08504474217392913,
           -0.5628157560611662,
           -0.9293200827248776,
           -0.5625631681083029,
           -0.9687310443314269,
           -0.9686804674587194,
           0.12503790558981098,
           -0.9921519652582025
          ],
          [
           -0.7967630390760735,
           -0.37273317926933264,
           0.08524776709077933,
           -0.5626473159056107,
           -0.9292448181067178,
           -0.5623946929248179,
           -0.9686804674587194,
           -0.9686298503662699,
           0.12524006873546953,
           -0.9921264663253042
          ],
          [
           0.49974729606792684,
           0.8739512786818963,
           0.9991913474173658,
           0.7497220256747195,
           0.25017689275245125,
           0.749924188820378,
           0.12503790558981098,
           0.12524006873546953,
           1,
           0
          ],
          [
           -0.8661712533170308,
           -0.4860135414680114,
           -0.04020760184677736,
           -0.6617528875782828,
           -0.9682001458028854,
           -0.6615237796346387,
           -0.9921519652582025,
           -0.9921264663253042,
           0,
           -1
          ]
         ]
        }
       ],
       "frames": [
        {
         "data": [
          {
           "coloraxis": "coloraxis",
           "name": "0",
           "type": "heatmap",
           "z": [
            [
             -1,
             -0.9515911842728451,
             -0.7885409492005112,
             -0.72194692062905,
             -0.8428948357782551,
             -0.5332731918566429,
             -0.72194692062905,
             -0.8428948357782551,
             0,
             -0.72194692062905
            ],
            [
             -0.9515911842728451,
             -0.8110515639715916,
             -0.5613436203350544,
             -0.47431649565074424,
             -0.6367039939704238,
             -0.24744343047257744,
             -0.47431649565074424,
             -0.6367039939704238,
             0.3073665857151753,
             -0.47431649565074424
            ],
            [
             -0.7885409492005112,
             -0.5613436203350544,
             -0.24359365713208647,
             -0.14374869943600216,
             -0.3337484664647533,
             0.09973223530725045,
             -0.14374869943600216,
             -0.3337484664647533,
             0.6149822529422754,
             -0.14374869943600216
            ],
            [
             -0.72194692062905,
             -0.47431649565074424,
             -0.14374869943600216,
             -0.04241471241153549,
             -0.23620286574913196,
             0.2003540593002489,
             -0.04241471241153549,
             -0.23620286574913196,
             0.6919484401270316,
             -0.04241471241153549
            ],
            [
             -0.8428948357782551,
             -0.6367039939704238,
             -0.3337484664647533,
             -0.23620286574913196,
             -0.4209434083633031,
             0.005690428099665967,
             -0.23620286574913196,
             -0.4209434083633031,
             0.5380783361355004,
             -0.23620286574913196
            ],
            [
             -0.5332731918566429,
             -0.24744343047257744,
             0.09973223530725045,
             0.2003540593002489,
             0.005690428099665967,
             0.4312394056940563,
             0.2003540593002489,
             0.005690428099665967,
             0.8459430848745252,
             0.2003540593002489
            ],
            [
             -0.72194692062905,
             -0.47431649565074424,
             -0.14374869943600216,
             -0.04241471241153549,
             -0.23620286574913196,
             0.2003540593002489,
             -0.04241471241153549,
             -0.23620286574913196,
             0.6919484401270316,
             -0.04241471241153549
            ],
            [
             -0.8428948357782551,
             -0.6367039939704238,
             -0.3337484664647533,
             -0.23620286574913196,
             -0.4209434083633031,
             0.005690428099665967,
             -0.23620286574913196,
             -0.4209434083633031,
             0.5380783361355004,
             -0.23620286574913196
            ],
            [
             0,
             0.3073665857151753,
             0.6149822529422754,
             0.6919484401270316,
             0.5380783361355004,
             0.8459430848745252,
             0.6919484401270316,
             0.5380783361355004,
             1,
             0.6919484401270316
            ],
            [
             -0.72194692062905,
             -0.47431649565074424,
             -0.14374869943600216,
             -0.04241471241153549,
             -0.23620286574913196,
             0.2003540593002489,
             -0.04241471241153549,
             -0.23620286574913196,
             0.6919484401270316,
             -0.04241471241153549
            ]
           ]
          },
          {
           "coloraxis": "coloraxis",
           "name": "1",
           "type": "heatmap",
           "z": [
            [
             -0.5005052801455919,
             0.015783830073988647,
             0.46451650524180177,
             -0.19851977288633554,
             -0.7136019080601039,
             -0.198220295686237,
             -0.7968861560041477,
             -0.7967630390760735,
             0.49974729606792684,
             -0.8661712533170308
            ],
            [
             0.015783830073988647,
             0.5275816750194431,
             0.8537031167558057,
             0.3335996585257985,
             -0.25191596639383695,
             0.33388768882851805,
             -0.3729222528356649,
             -0.37273317926933264,
             0.8739512786818963,
             -0.4860135414680114
            ],
            [
             0.46451650524180177,
             0.8537031167558057,
             0.996766697507462,
             0.722508264397697,
             0.21104558059157738,
             0.7227194759445837,
             0.08504474217392913,
             0.08524776709077933,
             0.9991913474173658,
             -0.04020760184677736
            ],
            [
             -0.19851977288633554,
             0.3335996585257985,
             0.722508264397697,
             0.12416623156360934,
